0 19.98 12.0
25 20.1808644890023 12.5260610080246
50 21.807148215459 13.1017911327085
75 24.4873044916988 13.6963304945377
100 28.467634695498 14.8135787053108
125 35.0 14.3754316776097
150 35.0 13.9148475778626
175 35.0 13.5034427810427
200 35.0 13.2731507311691
225 35.0 13.0540772173186
250 35.0 12.7816770381974
275 35.0 12.4530667674216
300 35.0 12.160889804304
325 34.5041427350007 11.9418162904535
350 33.5041427350008 11.7115242405799
375 31.7841427350008 11.3338776373262
400 30.2841427350008 10.9884395625159
425 28.6641427350008 10.6381656475596
450 26.6641427350009 10.2175815478125
475 24.6641427350009 12.0488242353386
500 22.4041427350009 14.6480502925378
525 21.1841427350009 16.0544652046123
550 20.6841427350009 16.6301953292962
575 20.1841427350009 17.1778791139225
600 19.6841427350009 17.7536092386064
625 18.264142735001 19.3337353050866
650 17.3262927865295 21.0609256791382
675 17.6849935155134 22.7039770330172
700 19.4088386564438 24.4311674070689
725 21.8030334517293 26.2708552027524
750 24.410082512673 29.1495058261717
775 27.2373696983388 31.4650166986899
800 35.0 29.9299526823724
825 35.0 27.7392175438671
850 35.0 25.4362970451316
875 35.0 22.9367030394857
900 35.0 20.479133708543
925 35.0 19.6382546692691
950 34.1739494966385 19.177670569522
975 32.1739494966385 18.739523541821
1000 30.1739494966385 18.2789394420739
1025 28.1739494966386 17.8407924143728
1050 26.1739494966386 18.3189394420739
1075 23.7139494966386 20.7760428246845
1100 21.6539494966386 23.1637051077781
1125 19.8539494966387 25.1578038044789
1150 18.1939494966387 27.0133123994328
1175 16.5939494966387 28.7827283142716
1200 15.5939494966387 29.9341885636393
1225 14.5939494966387 31.1956745857519
1250 13.5939494966387 32.7309549182422
1275 12.9779919445518 34.1435892585377
1300 13.4458662532467 36.1095375947137
1325 14.2262215807059 39.2321621088855
1350 33.2913418675473 39.2959516544139
1375 35.0 37.6529003005349
1400 35.0 36.7895723677676
1425 35.0 35.694204798515
1450 35.0 34.5427445491472
1475 35.0 33.4473769798945
1500 35.0 32.7552822942509
1525 35.0 32.2075985096245
1550 35.0 31.6318683849406
1575 34.8879631837859 31.0841846003143
1600 34.3879631837858 30.5084544756304
1625 33.8879631837858 29.9607706910041
1650 33.3879631837857 29.3850405663202
1675 32.8879631837856 28.8373567816939
1700 30.9479631837856 26.5900149769114
1725 28.4479631837855 23.8515960537797
1750 25.9479631837855 23.0850904671187
1775 23.4479631837855 25.6088266083883
1800 20.9479631837854 28.4874772318077
1825 19.1679631837854 30.4112810777447
1850 18.1679631837854 31.5627413271125
1875 16.6879631837854 33.1679318888769
1900 14.4665638793196 36.3686160759006
1925 13.4804459078089 40.0
1950 25.2681479204312 39.95
1975 35.0 37.2115810768683
2000 35.0 34.332930453449
2025 35.0 31.5945115303173
2050 35.0 28.715860906898
2075 35.0 25.9774419837663
2100 35.0 23.4233811900581
2125 35.0 21.2326460515528
2150 35.0 19.7819033399012
2175 35.0 19.3437563122002
2200 34.6792879476228 18.7932990997083
2225 32.1792879476228 18.2456153150819
2250 29.6792879476228 17.669885190398
2275 27.1792879476227 17.1222014057717
2300 25.3992879476227 18.1625058770294
2325 23.3992879476228 20.2941823567552
2350 21.3992879476228 22.5971028554907
2375 19.3992879476229 24.787837993996
2400 17.5792879476229 26.8802178464932
2425 15.7992879476229 28.8031511953801
2450 13.2992879476229 32.3783066855072
2475 10.7992879476229 36.0295319163494
2500 9.05928794762293 38.769352265502
2525 8.16261510719313 39.566727116391
2550 15.3099610255222 39.1412688725518
2575 25.9749817527532 39.447887179439
2600 35.0 39.0612688725518
2625 35.0 37.0687590027979
2650 35.0 36.2586769795928
2675 35.0 34.0679418410875
2700 35.0 31.765021342352
2725 35.0 29.5742862038467
2750 35.0 27.2713657051112
2775 35.0 25.0806305666059
2800 35.0 22.7777100678704
2825 34.9763575249842 20.5869749293651
2850 32.9265381461684 19.6017074194131
2875 31.9265381461684 19.3826339055625
2900 31.2865381461684 19.2359224396939
2925 30.7865381461684 19.1263856827687
2950 30.1065381461684 18.9691315285842
2975 29.1065381461684 18.7500580147337
