0 19.98 12.0
25 20.1808644890023 12.5260610080246
50 21.807148215459 13.1017911327085
75 24.3673044916988 13.8194159148388
100 27.1503108091709 15.3753484124757
125 35.0 15.7959325122228
150 35.0 15.6479414166711
175 35.0 15.5384046597459
200 35.0 15.4232586348091
225 35.0 15.3137218778838
250 35.0 15.1985758529471
275 35.0 15.0890390960218
300 35.0 14.8660014391818
325 33.9903947247029 14.4179887262714
350 32.4903947247028 14.0725506514611
375 31.3503947247029 13.8244423779895
400 30.3503947247029 13.594150328116
425 29.3503947247029 13.3750768142654
450 28.3503947247029 13.1447847643919
475 27.3503947247029 12.9257112505414
500 26.350394724703 13.614150328116
525 25.350394724703 14.4904443835181
550 24.350394724703 15.5707737510222
575 23.330394724703 16.6906362177027
600 21.8303947247031 18.4178265917543
625 20.3303947247031 20.0608779456333
650 19.3925447762316 21.7880683196849
675 19.7512455052155 23.4311196735639
700 21.035090646146 25.6492983879413
725 23.1292854414315 27.8400335264466
750 25.8763345023752 30.3876368070442
775 35.0 31.6035079574293
800 35.0 29.6635884614581
825 35.0 29.1159046768317
850 35.0 27.6414434246997
875 35.0 25.9983920708207
900 35.0 24.0184725748494
925 35.0 21.2800536517178
950 33.9539494966384 19.5866252621533
975 31.4539494966384 19.038941477527
1000 28.9539494966384 18.4632113528431
1025 27.8939494966384 18.2312265917095
1050 27.3939494966384 18.1260805667728
1075 26.8939494966384 18.5642275944738
1100 26.3939494966384 19.0248116942209
1125 24.9339494966384 20.2817570464986
1150 22.9339494966385 22.5846775452341
1175 20.9339494966385 24.7754126837394
1200 18.9339494966385 27.0783331824749
1225 16.9339494966386 29.2690683209802
1250 14.9339494966386 31.585322153049
1275 13.3179919445516 34.5063023377228
1300 13.0858662532465 37.5768630027034
1325 14.6062215807057 39.6365071800058
1350 34.1713418675471 39.5306344362759
1375 35.0 38.4352668670232
1400 35.0 37.2838066176555
1425 35.0 36.1884390484028
1450 35.0 35.036978799035
1475 35.0 32.9426082214895
1500 35.0 30.0639575980702
1525 35.0 27.466105406547
1550 35.0 26.3146451571792
1575 34.7679631837859 25.2192775879266
1600 33.767963183786 24.0678173385589
1625 33.2279631837859 23.4886709102331
1650 31.2479631837859 21.2618095041574
1675 30.3279631837859 20.2506180201833
1700 28.2279631837859 19.5490373207017
1725 26.5279631837859 20.1801027698579
1750 24.6479631837859 22.0111254603473
1775 22.647963183786 24.2018605988526
1800 20.647963183786 26.5047810975881
1825 18.6479631837861 28.6955162360934
1850 16.6479631837861 30.9984367348289
1875 14.6479631837861 33.3202628345372
1900 12.6065638793203 36.8915464865174
1925 11.6804459078096 40.0
1950 22.5081479204318 39.95
1975 35.0 37.7873463590972
2000 35.0 35.4844258603618
2025 35.0 33.377866807135
2050 35.0 32.1832875500108
2075 35.0 31.6356037653845
2100 35.0 30.1211425132524
2125 35.0 27.7473473694868
2150 35.0 25.4444268707513
2175 35.0 23.2536917322459
2200 34.7768898898762 20.9507712335105
2225 32.7768898898763 19.7483844698549
2250 31.6168898898763 19.4825542679345
2275 30.1568898898763 19.1557868237574
2300 29.0968898898763 18.9096202660174
2325 28.0968898898763 18.6905467521669
2350 27.4568898898764 18.5538352862983
2375 26.9568898898764 18.9919823139994
2400 25.3168898898764 20.4971026411873
2425 23.3168898898764 22.6466676647331
2450 21.3168898898765 24.9495881634686
2475 19.3168898898765 27.1403233019739
2500 17.3168898898766 29.4432438007094
2525 15.9775026484542 31.0862951545884
2550 15.8791828080371 32.81348552864
2575 16.9868775724548 34.4565368825191
2600 19.386408552855 36.1837272565707
2625 22.276529701787 38.0234150522542
2650 26.1005921968985 39.95
2675 35.0 37.2115810768683
2700 35.0 34.332930453449
2725 35.0 31.9343935253252
2750 35.0 30.4350643055876
2775 35.0 29.3396967363349
2800 35.0 27.2144669978336
2825 34.8842435411483 24.476048074702
2850 32.4344241623324 21.5973974512826
2875 31.0544241623324 20.0944139967132
2900 30.5544241623324 19.8861763230086
2925 30.0544241623325 19.7766395660833
2950 29.5544241623325 19.6614935411465
2975 29.0544241623325 19.5519567842213
